Date,CPF
2007-01-03,5.0
2007-01-04,5.05
2007-01-05,4.95
2007-01-08,4.95
2007-01-09,4.9
2007-01-10,4.85
2007-01-11,5.0
2007-01-12,5.05
2007-01-15,5.0
2007-01-16,4.9
2007-01-17,4.9
2007-01-18,4.9
2007-01-19,4.9
2007-01-22,4.85
2007-01-23,4.65
2007-01-24,4.6
2007-01-25,4.6
2007-01-26,4.65
2007-01-29,4.65
2007-01-30,4.6
2007-01-31,4.6
2007-02-01,4.65
2007-02-02,4.7
2007-02-05,4.7
2007-02-06,4.7
2007-02-07,4.65
2007-02-08,4.7
2007-02-09,4.7
2007-02-12,4.7
2007-02-13,4.7
2007-02-14,4.7
2007-02-15,4.75
2007-02-16,4.8
2007-02-19,4.75
2007-02-20,4.75
2007-02-21,4.7
2007-02-22,4.7
2007-02-23,4.7
2007-02-26,4.75
2007-02-27,4.7
2007-02-28,4.6
2007-03-01,4.6
2007-03-02,4.6
2007-03-06,4.55
2007-03-07,4.55
2007-03-08,4.5
2007-03-09,4.45
2007-03-12,4.45
2007-03-13,4.45
2007-03-14,4.45
2007-03-15,4.5
2007-03-16,4.5
2007-03-19,4.4
2007-03-20,4.45
2007-03-21,4.5
2007-03-22,4.5
2007-03-23,4.55
2007-03-26,4.6
2007-03-27,4.6
2007-03-28,4.6
2007-03-29,4.65
2007-03-30,4.7
2007-04-02,4.65
2007-04-03,4.6
2007-04-04,4.6
2007-04-05,4.65
2007-04-09,4.7
2007-04-10,4.7
2007-04-11,4.7
2007-04-12,4.75
2007-04-17,4.7
2007-04-18,4.7
2007-04-19,4.65
2007-04-20,4.6
2007-04-23,4.65
2007-04-24,4.7
2007-04-25,4.65
2007-04-26,4.6
2007-04-27,4.6
2007-04-30,4.55
2007-05-02,4.5
2007-05-03,4.5
2007-05-04,4.6
2007-05-08,4.6
2007-05-09,4.6
2007-05-10,4.55
2007-05-11,4.5
2007-05-14,4.5
2007-05-15,4.55
2007-05-16,4.699999999999999
2007-05-17,4.75
2007-05-18,4.75
2007-05-21,4.7
2007-05-22,4.7
2007-05-23,4.65
2007-05-24,4.65
2007-05-25,4.65
2007-05-28,4.7
2007-05-29,4.7
2007-05-30,4.75
2007-06-01,4.8
2007-06-04,4.8
2007-06-05,4.85
2007-06-06,4.8
2007-06-07,4.75
2007-06-08,4.8
2007-06-11,4.85
2007-06-12,4.9
2007-06-13,4.85
2007-06-14,4.9
2007-06-15,4.95
2007-06-18,5.0
2007-06-19,5.0
2007-06-20,5.0
2007-06-21,5.1
2007-06-22,5.1
2007-06-25,5.0
2007-06-26,5.0
2007-06-27,5.1
2007-06-28,5.2
2007-06-29,5.2
2007-07-02,5.2
2007-07-03,5.35
2007-07-04,5.4
2007-07-05,5.4
2007-07-06,5.35
2007-07-09,5.550000000000001
2007-07-10,5.6
2007-07-11,5.4
2007-07-12,5.4
2007-07-13,5.4
2007-07-16,5.35
2007-07-17,5.300000000000001
2007-07-18,5.2
2007-07-19,5.2
2007-07-20,5.2
2007-07-23,5.2
2007-07-24,5.35
2007-07-25,5.4
2007-07-26,5.4
2007-07-27,5.2
2007-07-31,5.2
2007-08-01,5.15
2007-08-02,5.1
2007-08-03,5.15
2007-08-06,5.0
2007-08-07,5.0
2007-08-08,5.05
2007-08-09,5.0
2007-08-10,4.85
2007-08-14,4.8
2007-08-15,4.7
2007-08-16,4.6
2007-08-17,4.65
2007-08-20,4.7
2007-08-21,4.65
2007-08-22,4.6
2007-08-23,4.6
2007-08-24,4.6
2007-08-27,4.7
2007-08-28,4.7
2007-08-29,4.65
2007-08-30,4.7
2007-08-31,4.7
2007-09-03,4.800000000000001
2007-09-04,4.85
2007-09-05,4.8
2007-09-06,4.8
2007-09-07,4.8
2007-09-10,4.8
2007-09-11,4.8
2007-09-12,4.8
2007-09-13,4.8
2007-09-14,4.8
2007-09-17,4.8
2007-09-18,4.8
2007-09-19,4.9
2007-09-20,4.9
2007-09-21,4.9
2007-09-24,5.05
2007-09-25,5.05
2007-09-26,5.15
2007-09-27,5.2
2007-09-28,5.2
2007-10-01,5.2
2007-10-02,5.2
2007-10-03,5.15
2007-10-04,5.0
2007-10-05,5.0
2007-10-08,5.0
2007-10-09,5.1
2007-10-10,5.15
2007-10-11,5.05
2007-10-12,5.0
2007-10-15,5.0
2007-10-16,5.0
2007-10-17,4.9
2007-10-18,4.95
2007-10-19,4.95
2007-10-22,4.9
2007-10-24,4.95
2007-10-25,5.0
2007-10-26,5.0
2007-10-29,5.0
2007-10-30,5.0
2007-10-31,5.0
2007-11-01,5.05
2007-11-02,5.0
2007-11-05,5.0
2007-11-06,5.0
2007-11-07,5.0
2007-11-08,4.9
2007-11-09,4.9
2007-11-12,4.9
2007-11-13,4.9
2007-11-14,4.9
2007-11-15,4.9
2007-11-16,4.9
2007-11-19,4.9
2007-11-20,4.85
2007-11-21,4.85
2007-11-22,4.7
2007-11-23,4.7
2007-11-26,4.8
2007-11-27,4.7
2007-11-28,4.8
2007-11-29,4.8
2007-11-30,4.699999999999999
2007-12-03,4.6
2007-12-04,4.6
2007-12-06,4.6
2007-12-07,4.65
2007-12-11,4.6
2007-12-12,4.6
2007-12-13,4.6
2007-12-14,4.6
2007-12-17,4.55
2007-12-18,4.5
2007-12-19,4.5
2007-12-20,4.5
2007-12-21,4.4
2007-12-24,4.4
2007-12-25,4.45
2007-12-26,4.5
2007-12-27,4.55
2007-12-28,4.65
2008-01-02,4.5
2008-01-03,4.5
2008-01-04,4.45
2008-01-07,4.4
2008-01-08,4.4
2008-01-09,4.4
2008-01-10,4.4
2008-01-11,4.4
2008-01-14,4.4
2008-01-15,4.35
2008-01-16,4.3
2008-01-17,4.3
2008-01-18,4.3
2008-01-21,4.25
2008-01-22,4.0
2008-01-23,4.0
2008-01-24,4.05
2008-01-25,4.1
2008-01-28,4.05
2008-01-29,4.05
2008-01-30,4.15
2008-01-31,4.3
2008-02-01,4.3
2008-02-04,4.300000000000001
2008-02-05,4.25
2008-02-06,4.25
2008-02-07,4.25
2008-02-08,4.25
2008-02-11,4.3
2008-02-12,4.3
2008-02-13,4.3
2008-02-14,4.4
2008-02-15,4.4
2008-02-18,4.45
2008-02-19,4.6
2008-02-20,4.65
2008-02-22,4.6
2008-02-25,4.6
2008-02-26,4.6
2008-02-27,4.6
2008-02-28,4.6
2008-02-29,4.6
2008-03-03,4.6
2008-03-04,4.6
2008-03-05,4.6
2008-03-06,4.6
2008-03-07,4.5
2008-03-10,4.5
2008-03-11,4.5
2008-03-12,4.55
2008-03-13,4.6
2008-03-14,4.6
2008-03-17,4.5
2008-03-18,4.55
2008-03-19,4.55
2008-03-20,4.5
2008-03-21,4.55
2008-03-24,4.6
2008-03-25,4.6
2008-03-26,4.6
2008-03-27,4.6
2008-03-28,4.65
2008-03-31,4.6
2008-04-01,4.6
2008-04-02,4.6
2008-04-03,4.65
2008-04-04,4.75
2008-04-08,4.7
2008-04-09,4.75
2008-04-10,4.75
2008-04-11,4.75
2008-04-16,4.8
2008-04-17,4.8
2008-04-18,4.85
2008-04-21,4.8
2008-04-22,4.8
2008-04-23,4.8
2008-04-24,4.8
2008-04-25,4.8
2008-04-28,4.8
2008-04-29,4.75
2008-04-30,4.8
2008-05-02,4.75
2008-05-06,4.7
2008-05-07,4.7
2008-05-08,4.7
2008-05-09,4.7
2008-05-12,4.65
2008-05-13,4.6
2008-05-14,4.6
2008-05-15,4.55
2008-05-16,4.5
2008-05-20,4.45
2008-05-21,4.35
2008-05-22,4.35
2008-05-23,4.3
2008-05-26,4.3
2008-05-27,4.3
2008-05-28,4.25
2008-05-29,4.2
2008-05-30,4.2
2008-06-02,4.15
2008-06-03,4.05
2008-06-04,4.05
2008-06-05,4.1
2008-06-06,4.1
2008-06-09,4.1
2008-06-10,4.1
2008-06-11,4.1
2008-06-12,4.15
2008-06-13,4.1
2008-06-16,4.1
2008-06-17,4.05
2008-06-18,3.95
2008-06-19,3.8499999999999996
2008-06-20,3.8
2008-06-23,3.8
2008-06-24,3.8
2008-06-25,3.8
2008-06-26,3.8
2008-06-27,3.8
2008-06-30,3.8
2008-07-02,3.75
2008-07-03,3.7
2008-07-04,3.6500000000000004
2008-07-07,3.6
2008-07-08,3.55
2008-07-09,3.55
2008-07-10,3.5
2008-07-11,3.55
2008-07-14,3.5
2008-07-15,3.5
2008-07-16,3.45
2008-07-18,3.45
2008-07-21,3.55
2008-07-22,3.55
2008-07-23,3.6
2008-07-24,3.55
2008-07-25,3.5
2008-07-28,3.5
2008-07-29,3.5
2008-07-30,3.5
2008-07-31,3.5
2008-08-01,3.45
2008-08-04,3.5
2008-08-05,3.55
2008-08-06,3.55
2008-08-07,3.6500000000000004
2008-08-08,3.6
2008-08-11,3.6
2008-08-13,3.7
2008-08-14,3.9
2008-08-15,3.9
2008-08-18,3.8499999999999996
2008-08-19,3.75
2008-08-20,3.8
2008-08-21,3.75
2008-08-22,3.8
2008-08-25,3.6500000000000004
2008-08-26,3.6
2008-08-27,3.7
2008-08-28,3.8499999999999996
2008-08-29,3.9
2008-09-01,3.9
2008-09-02,3.8
2008-09-03,3.8
2008-09-04,3.9
2008-09-05,3.95
2008-09-08,4.05
2008-09-09,4.0
2008-09-10,4.05
2008-09-11,4.0
2008-09-12,4.05
2008-09-15,4.1
2008-09-16,4.05
2008-09-17,4.0
2008-09-18,4.0
2008-09-19,4.0
2008-09-22,4.0
2008-09-23,3.95
2008-09-24,4.05
2008-09-25,4.1
2008-09-26,4.1
2008-09-29,4.05
2008-09-30,4.0
2008-10-01,4.05
2008-10-02,4.0
2008-10-03,4.0
2008-10-06,3.9
2008-10-07,3.8499999999999996
2008-10-08,3.7
2008-10-09,3.6500000000000004
2008-10-10,3.55
2008-10-13,3.5
2008-10-14,3.6
2008-10-15,3.55
2008-10-16,3.5
2008-10-17,3.5
2008-10-20,3.5
2008-10-21,3.5
2008-10-22,3.5
2008-10-24,3.4
2008-10-27,3.1500000000000004
2008-10-28,3.05
2008-10-29,3.0
2008-10-30,3.0
2008-10-31,3.0
2008-11-03,3.05
2008-11-04,3.1
2008-11-05,3.05
2008-11-06,3.0
2008-11-07,3.1
2008-11-10,3.05
2008-11-11,2.95
2008-11-12,2.9
2008-11-13,2.8499999999999996
2008-11-14,3.05
2008-11-17,3.05
2008-11-18,3.0
2008-11-19,3.05
2008-11-20,2.95
2008-11-21,2.8499999999999996
2008-11-24,2.8
2008-11-25,2.8
2008-11-26,2.8
2008-11-27,2.8
2008-11-28,2.8
2008-12-01,2.8
2008-12-02,2.8
2008-12-03,2.8
2008-12-04,2.8
2008-12-08,2.8499999999999996
2008-12-09,2.9
2008-12-11,2.9
2008-12-12,2.9
2008-12-15,2.95
2008-12-16,3.0
2008-12-17,3.0
2008-12-18,2.95
2008-12-19,2.9
2008-12-22,2.8499999999999996
2008-12-23,2.8499999999999996
2008-12-24,2.9
2008-12-25,2.9
2008-12-26,3.0
2008-12-29,3.1
2008-12-30,3.1500000000000004
2009-01-02,3.2
2009-01-05,3.2
2009-01-06,3.3
2009-01-07,3.4
2009-01-08,3.3499999999999996
2009-01-09,3.3
2009-01-12,3.3499999999999996
2009-01-13,3.3499999999999996
2009-01-14,3.3
2009-01-15,3.25
2009-01-16,3.2
2009-01-19,3.3
2009-01-20,3.3
2009-01-21,3.25
2009-01-22,3.3
2009-01-23,3.25
2009-01-26,3.25
2009-01-27,3.3
2009-01-28,3.3
2009-01-29,3.3
2009-01-30,3.3
2009-02-02,3.3
2009-02-03,3.3
2009-02-04,3.3499999999999996
2009-02-05,3.3
2009-02-06,3.4
2009-02-10,3.4
2009-02-11,3.4
2009-02-12,3.4
2009-02-13,3.4
2009-02-16,3.4
2009-02-17,3.4
2009-02-18,3.4
2009-02-19,3.45
2009-02-20,3.5
2009-02-23,3.4
2009-02-24,3.4
2009-02-25,3.4
2009-02-26,3.4
2009-02-27,3.4
2009-03-02,3.3499999999999996
2009-03-03,3.2
2009-03-04,3.25
2009-03-05,3.3
2009-03-06,3.3499999999999996
2009-03-09,3.3499999999999996
2009-03-10,3.3499999999999996
2009-03-11,3.3
2009-03-12,3.3
2009-03-13,3.3499999999999996
2009-03-16,3.3499999999999996
2009-03-17,3.3
2009-03-18,3.3
2009-03-19,3.3
2009-03-20,3.3
2009-03-23,3.3
2009-03-24,3.3
2009-03-25,3.3
2009-03-26,3.3
2009-03-27,3.4
2009-03-30,3.2
2009-03-31,3.2
2009-04-01,3.2
2009-04-02,3.2
2009-04-03,3.2
2009-04-07,3.2
2009-04-08,3.1
2009-04-09,3.1
2009-04-10,3.1500000000000004
2009-04-16,3.2
2009-04-17,3.1500000000000004
2009-04-20,3.1500000000000004
2009-04-21,3.2
2009-04-22,3.2
2009-04-23,3.25
2009-04-24,3.3
2009-04-27,3.2
2009-04-28,3.25
2009-04-29,3.25
2009-04-30,3.3
2009-05-04,3.3499999999999996
2009-05-06,3.55
2009-05-07,3.8
2009-05-11,3.75
2009-05-12,3.7
2009-05-13,3.75
2009-05-14,4.0
2009-05-15,4.05
2009-05-18,4.0
2009-05-19,4.1
2009-05-20,4.1
2009-05-21,4.1
2009-05-22,4.1
2009-05-25,4.15
2009-05-26,4.2
2009-05-27,4.3
2009-05-28,4.25
2009-05-29,4.25
2009-06-01,4.25
2009-06-02,4.2
2009-06-03,4.2
2009-06-04,4.25
2009-06-05,4.35
2009-06-08,4.65
2009-06-09,4.8
2009-06-10,4.85
2009-06-11,4.75
2009-06-12,4.8
2009-06-15,4.75
2009-06-16,4.6
2009-06-17,4.55
2009-06-18,4.55
2009-06-19,4.6
2009-06-22,4.75
2009-06-23,4.6
2009-06-24,4.7
2009-06-25,4.7
2009-06-26,4.7
2009-06-29,4.75
2009-06-30,4.8
2009-07-02,4.8
2009-07-03,4.8
2009-07-06,4.8
2009-07-08,4.8
2009-07-09,4.8
2009-07-10,4.8
2009-07-13,4.75
2009-07-14,4.8
2009-07-15,4.8
2009-07-16,4.8
2009-07-17,4.8
2009-07-20,4.9
2009-07-21,4.9
2009-07-22,4.85
2009-07-23,4.85
2009-07-24,4.9
2009-07-27,4.9
2009-07-28,5.0
2009-07-29,5.1
2009-07-30,5.15
2009-07-31,5.2
2009-08-03,5.25
2009-08-04,5.25
2009-08-05,5.2
2009-08-06,5.300000000000001
2009-08-07,5.55
2009-08-10,5.75
2009-08-11,5.75
2009-08-13,5.800000000000001
2009-08-14,5.9
2009-08-17,5.75
2009-08-18,5.800000000000001
2009-08-19,5.9
2009-08-20,5.65
2009-08-21,5.699999999999999
2009-08-24,5.699999999999999
2009-08-25,5.699999999999999
2009-08-26,5.8
2009-08-27,5.8
2009-08-28,5.8
2009-08-31,5.9
2009-09-01,6.05
2009-09-02,6.15
2009-09-03,6.5
2009-09-04,6.55
2009-09-07,6.65
2009-09-08,6.65
2009-09-09,6.55
2009-09-10,6.55
2009-09-11,6.699999999999999
2009-09-14,6.8
2009-09-15,6.95
2009-09-16,7.0
2009-09-17,7.05
2009-09-18,7.0
2009-09-21,7.0
2009-09-22,7.1
2009-09-23,7.25
2009-09-24,7.2
2009-09-25,7.4
2009-09-28,7.6
2009-09-29,7.75
2009-09-30,7.9
2009-10-01,8.25
2009-10-02,8.55
2009-10-05,8.75
2009-10-06,8.75
2009-10-07,8.8
2009-10-08,8.850000000000001
2009-10-09,9.0
2009-10-12,9.3
2009-10-13,9.6
2009-10-14,9.600000000000001
2009-10-15,9.05
2009-10-16,8.9
2009-10-19,9.3
2009-10-20,9.5
2009-10-21,9.25
2009-10-22,8.95
2009-10-26,9.0
2009-10-27,9.3
2009-10-28,9.399999999999999
2009-10-29,9.25
2009-10-30,9.6
2009-11-02,9.5
2009-11-03,9.4
2009-11-04,9.45
2009-11-05,9.4
2009-11-06,9.6
2009-11-09,9.7
2009-11-10,9.85
2009-11-11,10.0
2009-11-12,10.2
2009-11-13,10.55
2009-11-16,11.3
2009-11-17,11.5
2009-11-18,11.2
2009-11-19,10.9
2009-11-20,10.75
2009-11-23,10.7
2009-11-24,10.55
2009-11-25,10.7
2009-11-26,10.55
2009-11-27,10.2
2009-11-30,10.6
2009-12-01,10.850000000000001
2009-12-02,10.8
2009-12-03,10.7
2009-12-04,10.85
2009-12-08,10.9
2009-12-09,10.75
2009-12-11,10.8
2009-12-14,10.7
2009-12-15,10.8
2009-12-16,11.100000000000001
2009-12-17,11.45
2009-12-18,11.45
2009-12-21,11.4
2009-12-22,11.4
2009-12-23,11.4
2009-12-24,11.350000000000001
2009-12-25,11.25
2009-12-28,11.2
2009-12-29,11.35
2009-12-30,11.4
2010-01-04,11.350000000000001
2010-01-05,11.2
2010-01-06,11.25
2010-01-07,11.3
2010-01-08,11.5
2010-01-11,11.85
2010-01-12,12.3
2010-01-13,12.6
2010-01-14,12.600000000000001
2010-01-15,12.5
2010-01-18,12.45
2010-01-19,12.35
2010-01-20,12.399999999999999
2010-01-21,12.3
2010-01-22,12.0
2010-01-25,12.0
2010-01-26,11.95
2010-01-27,11.7
2010-01-28,11.45
2010-01-29,11.3
2010-02-01,11.4
2010-02-02,11.5
2010-02-03,11.75
2010-02-04,11.850000000000001
2010-02-05,11.55
2010-02-08,11.600000000000001
2010-02-09,11.649999999999999
2010-02-10,11.649999999999999
2010-02-11,11.8
2010-02-12,11.9
2010-02-15,11.7
2010-02-16,11.6
2010-02-17,11.75
2010-02-18,11.95
2010-02-19,12.0
2010-02-22,11.95
2010-02-23,12.25
2010-02-24,12.4
2010-02-25,12.4
2010-02-26,12.3
2010-03-02,12.3
2010-03-03,12.350000000000001
2010-03-04,12.3
2010-03-05,12.0
2010-03-08,11.600000000000001
2010-03-09,11.35
2010-03-10,11.7
2010-03-11,11.850000000000001
2010-03-12,11.8
2010-03-15,11.9
2010-03-16,12.35
2010-03-17,12.75
2010-03-18,12.95
2010-03-19,13.55
2010-03-22,13.8
2010-03-23,14.25
2010-03-24,14.6
2010-03-25,14.649999999999999
2010-03-26,14.8
2010-03-29,14.8
2010-03-30,14.8
2010-03-31,15.0
2010-04-01,15.1
2010-04-02,15.2
2010-04-05,15.2
2010-04-07,15.4
2010-04-08,15.15
2010-04-09,14.95
2010-04-12,14.7
2010-04-16,14.600000000000001
2010-04-19,13.95
2010-04-20,14.55
2010-04-21,14.7
2010-04-22,14.8
2010-04-23,14.55
2010-04-26,15.05
2010-04-27,15.2
2010-04-28,15.3
2010-04-29,14.95
2010-04-30,15.25
2010-05-04,16.1
2010-05-06,17.0
2010-05-07,17.200000000000003
2010-05-10,17.8
2010-05-11,18.3
2010-05-12,18.1
2010-05-13,17.8
2010-05-14,17.25
2010-05-17,16.65
2010-05-18,17.1
2010-05-19,17.45
2010-05-20,17.7
2010-05-21,17.7
2010-05-24,17.4
2010-05-25,16.85
2010-05-26,17.25
2010-05-27,17.4
2010-05-31,17.45
2010-06-01,17.5
2010-06-02,17.5
2010-06-03,17.75
2010-06-04,17.85
2010-06-07,17.55
2010-06-08,17.450000000000003
2010-06-09,17.45
2010-06-10,17.799999999999997
2010-06-11,17.95
2010-06-14,18.45
2010-06-15,19.25
2010-06-16,19.65
2010-06-17,19.65
2010-06-18,19.65
2010-06-21,19.7
2010-06-22,19.75
2010-06-23,20.05
2010-06-24,19.950000000000003
2010-06-25,19.95
2010-06-28,20.15
2010-06-29,20.15
2010-06-30,20.1
2010-07-02,20.5
2010-07-05,21.049999999999997
2010-07-06,21.4
2010-07-07,21.5
2010-07-08,21.55
2010-07-09,21.55
2010-07-12,21.4
2010-07-13,21.1
2010-07-14,21.0
2010-07-15,21.2
2010-07-16,22.6
2010-07-19,23.8
2010-07-20,23.55
2010-07-21,23.8
2010-07-22,23.95
2010-07-23,23.8
2010-07-27,23.8
2010-07-28,24.1
2010-07-29,24.2
2010-07-30,24.1
2010-08-02,24.1
2010-08-03,24.0
2010-08-04,23.9
2010-08-05,24.549999999999997
2010-08-06,25.1
2010-08-09,25.1
2010-08-10,25.2
2010-08-11,24.85
2010-08-16,24.799999999999997
2010-08-17,25.0
2010-08-18,25.5
2010-08-19,26.1
2010-08-20,26.25
2010-08-23,26.2
2010-08-24,25.9
2010-08-25,25.25
2010-08-26,25.1
2010-08-27,25.6
2010-08-30,26.1
2010-08-31,25.75
2010-09-01,25.65
2010-09-02,25.5
2010-09-03,25.15
2010-09-06,23.95
2010-09-07,23.75
2010-09-08,24.3
2010-09-09,24.8
2010-09-10,24.8
2010-09-13,25.0
2010-09-14,24.85
2010-09-15,24.65
2010-09-16,24.8
2010-09-17,24.6
2010-09-20,24.85
2010-09-21,25.5
2010-09-22,25.6
2010-09-23,24.95
2010-09-24,24.95
2010-09-27,25.1
2010-09-28,25.0
2010-09-29,24.95
2010-09-30,25.2
2010-10-01,25.1
2010-10-04,24.7
2010-10-05,24.45
2010-10-06,24.3
2010-10-07,23.95
2010-10-08,23.55
2010-10-11,23.85
2010-10-12,23.95
2010-10-13,23.85
2010-10-14,23.8
2010-10-15,23.75
2010-10-18,23.3
2010-10-19,23.15
2010-10-20,23.200000000000003
2010-10-21,23.6
2010-10-22,23.549999999999997
2010-10-26,23.6
2010-10-27,23.6
2010-10-28,23.4
2010-10-29,23.3
2010-11-01,23.5
2010-11-02,23.65
2010-11-03,23.450000000000003
2010-11-04,23.0
2010-11-05,22.7
2010-11-08,22.7
2010-11-09,22.8
2010-11-10,22.85
2010-11-11,22.5
2010-11-12,22.2
2010-11-15,22.450000000000003
2010-11-16,22.7
2010-11-17,22.65
2010-11-18,22.45
2010-11-19,23.0
2010-11-22,24.25
2010-11-23,24.75
2010-11-24,25.1
2010-11-25,24.7
2010-11-26,24.5
2010-11-29,24.65
2010-11-30,24.9
2010-12-01,24.95
2010-12-02,24.700000000000003
2010-12-03,24.5
2010-12-07,24.15
2010-12-08,23.85
2010-12-09,24.200000000000003
2010-12-13,24.05
2010-12-14,23.9
2010-12-15,23.95
2010-12-16,23.799999999999997
2010-12-17,23.75
2010-12-20,23.549999999999997
2010-12-21,23.6
2010-12-22,23.65
2010-12-23,24.0
2010-12-24,24.5
2010-12-27,24.65
2010-12-28,24.6
2010-12-29,24.85
2010-12-30,24.75
2011-01-04,24.65
2011-01-05,24.4
2011-01-06,24.25
2011-01-07,24.200000000000003
2011-01-10,24.2
2011-01-11,24.1
2011-01-12,24.1
2011-01-13,24.049999999999997
2011-01-14,23.85
2011-01-17,23.65
2011-01-18,23.55
2011-01-19,23.65
2011-01-20,23.55
2011-01-21,23.25
2011-01-24,22.1
2011-01-25,21.5
2011-01-26,21.85
2011-01-27,22.35
2011-01-28,22.55
2011-01-31,21.95
2011-02-01,21.75
2011-02-02,21.8
2011-02-03,21.85
2011-02-04,21.85
2011-02-07,21.85
2011-02-08,21.95
2011-02-09,21.799999999999997
2011-02-10,21.3
2011-02-11,21.35
2011-02-14,21.9
2011-02-15,22.0
2011-02-16,21.95
2011-02-17,21.95
2011-02-18,22.225
2011-02-21,22.5
2011-02-22,23.049999999999997
2011-02-23,23.7
2011-02-24,23.6
2011-02-25,23.799999999999997
2011-02-28,23.85
2011-03-01,23.700000000000003
2011-03-02,23.35
2011-03-03,23.4
2011-03-04,23.45
2011-03-07,23.35
2011-03-08,23.95
2011-03-09,24.3
2011-03-10,24.3
2011-03-11,24.200000000000003
2011-03-14,24.75
2011-03-15,24.6
2011-03-16,24.9
2011-03-17,24.85
2011-03-21,25.0
2011-03-22,24.95
2011-03-23,25.049999999999997
2011-03-24,25.049999999999997
2011-03-25,25.0
2011-03-28,25.2
2011-03-29,25.35
2011-03-30,25.35
2011-03-31,25.65
2011-04-01,26.0
2011-04-04,26.65
2011-04-05,26.8
2011-04-07,26.6
2011-04-08,25.7
2011-04-11,26.0
2011-04-12,26.35
2011-04-18,27.3
2011-04-19,28.15
2011-04-20,28.75
2011-04-21,28.9
2011-04-22,29.15
2011-04-25,29.9
2011-04-26,30.0
2011-04-27,30.5
2011-04-28,30.25
2011-04-29,29.75
2011-05-03,29.35
2011-05-04,29.5
2011-05-06,28.35
2011-05-09,29.0
2011-05-10,30.0
2011-05-11,31.15
2011-05-12,31.5
2011-05-13,32.0
2011-05-18,31.15
2011-05-19,30.4
2011-05-20,29.6
2011-05-23,29.0
2011-05-24,30.25
2011-05-25,30.75
2011-05-26,30.8
2011-05-27,30.9
2011-05-30,30.8
2011-05-31,30.4
2011-06-01,29.9
2011-06-02,29.65
2011-06-03,29.5
2011-06-06,28.9
2011-06-07,29.25
2011-06-08,29.2
2011-06-09,28.9
2011-06-10,28.8
2011-06-13,28.65
2011-06-14,29.0
2011-06-15,29.5
2011-06-16,29.25
2011-06-17,29.1
2011-06-20,28.6
2011-06-21,28.65
2011-06-22,28.65
2011-06-23,28.65
2011-06-24,28.9
2011-06-27,28.9
2011-06-28,28.65
2011-06-29,28.85
2011-06-30,29.5
2011-07-04,30.0
2011-07-05,29.9
2011-07-06,29.75
2011-07-07,29.8
2011-07-08,30.1
2011-07-11,29.75
2011-07-12,29.0
2011-07-13,29.0
2011-07-14,28.75
2011-07-18,28.15
2011-07-19,28.1
2011-07-20,29.0
2011-07-21,29.1
2011-07-22,29.75
2011-07-25,30.5
2011-07-26,30.6
2011-07-27,30.85
2011-07-28,31.1
2011-07-29,31.5
2011-08-01,32.2
2011-08-02,32.65
2011-08-03,32.6
2011-08-04,32.6
2011-08-05,31.25
2011-08-08,30.35
2011-08-09,29.25
2011-08-10,30.6
2011-08-11,31.4
2011-08-15,32.35
2011-08-16,32.4
2011-08-17,32.2
2011-08-18,32.25
2011-08-19,31.65
2011-08-22,31.0
2011-08-23,30.5
2011-08-24,30.2
2011-08-25,29.75
2011-08-26,29.75
2011-08-29,30.65
2011-08-30,30.6
2011-08-31,31.15
2011-09-01,31.3
2011-09-02,30.9
2011-09-05,30.35
2011-09-06,30.25
2011-09-07,30.65
2011-09-08,30.65
2011-09-09,30.5
2011-09-12,29.9
2011-09-13,30.1
2011-09-14,29.9
2011-09-15,29.9
2011-09-16,29.7
2011-09-19,29.0
2011-09-20,29.15
2011-09-21,29.35
2011-09-22,28.85
2011-09-23,27.65
2011-09-26,27.0
2011-09-27,27.5
2011-09-28,27.5
2011-09-29,26.9
2011-09-30,26.8
2011-10-03,25.65
2011-10-04,25.5
2011-10-05,25.65
2011-10-06,26.5
2011-10-07,27.5
2011-10-10,27.35
2011-10-11,28.0
2011-10-12,28.0
2011-10-13,28.0
2011-10-14,28.0
2011-10-17,29.4
2011-10-18,29.2
2011-10-19,29.25
2011-10-20,28.8
2011-10-21,28.9
2011-10-25,29.5
2011-10-26,29.9
2011-10-27,30.0
2011-10-28,30.1
2011-10-31,30.1
2011-11-01,30.1
2011-11-02,30.15
2011-11-03,30.2
2011-11-04,29.85
2011-11-07,29.9
2011-11-08,30.5
2011-11-09,30.4
2011-11-10,29.75
2011-11-11,30.0
2011-11-14,30.2
2011-11-15,30.1
2011-11-16,30.1
2011-11-17,30.0
2011-11-18,29.9
2011-11-21,29.5
2011-11-22,29.5
2011-11-23,29.85
2011-11-24,30.5
2011-11-25,30.8
2011-11-28,32.1
2011-11-29,32.1
2011-11-30,32.75
2011-12-01,33.4
2011-12-02,33.1
2011-12-06,33.2
2011-12-07,33.35
2011-12-08,33.35
2011-12-09,32.9
2011-12-13,33.0
2011-12-14,33.5
2011-12-15,33.2
2011-12-16,33.35
2011-12-19,33.75
2011-12-20,33.65
2011-12-21,33.65
2011-12-22,33.1
2011-12-23,32.85
2011-12-26,32.75
2011-12-27,32.8
2011-12-28,32.8
2011-12-29,32.8
2011-12-30,32.9
2012-01-04,33.1
2012-01-05,33.5
2012-01-06,34.0
2012-01-09,34.6
2012-01-10,35.1
2012-01-11,35.1
2012-01-12,35.35
2012-01-13,35.3
2012-01-16,34.5
2012-01-17,35.15
2012-01-18,35.25
2012-01-19,35.0
2012-01-20,35.1
2012-01-23,35.0
2012-01-24,35.0
2012-01-25,35.0
2012-01-26,35.0
2012-01-27,35.0
2012-01-30,35.0
2012-01-31,34.9
2012-02-01,34.9
2012-02-02,35.5
2012-02-03,36.4
2012-02-06,37.1
2012-02-07,37.15
2012-02-08,36.9
2012-02-09,36.8
2012-02-10,36.8
2012-02-13,36.8
2012-02-14,36.5
2012-02-15,36.35
2012-02-16,36.0
2012-02-17,36.1
2012-02-20,35.6
2012-02-21,35.5
2012-02-22,35.6
2012-02-23,35.5
2012-02-24,35.35
2012-02-27,35.9
2012-02-28,36.1
2012-02-29,36.1
2012-03-01,36.85
2012-03-02,37.5
2012-03-05,36.9
2012-03-06,36.5
2012-03-08,37.0
2012-03-09,36.75
2012-03-12,36.9
2012-03-13,36.85
2012-03-14,36.5
2012-03-15,36.75
2012-03-16,37.35
2012-03-19,37.3
2012-03-20,37.0
2012-03-21,37.0
2012-03-22,36.75
2012-03-23,36.5
2012-03-26,36.35
2012-03-27,36.65
2012-03-28,36.5
2012-03-29,36.35
2012-03-30,37.1
2012-04-02,37.1
2012-04-03,37.1
2012-04-04,37.65
2012-04-05,37.8
2012-04-10,37.65
2012-04-11,37.0
2012-04-12,36.9
2012-04-17,37.0
2012-04-18,37.0
2012-04-19,37.0
2012-04-20,37.4
2012-04-23,38.5
2012-04-24,39.0
2012-04-25,39.85
2012-04-26,40.5
2012-04-27,40.35
2012-04-30,40.65
2012-05-02,41.15
2012-05-03,41.4
2012-05-04,41.2
2012-05-08,41.5
2012-05-09,41.4
2012-05-10,40.1
2012-05-11,40.0
2012-05-14,40.0
2012-05-15,39.75
2012-05-16,39.5
2012-05-17,39.5
2012-05-18,38.8
2012-05-21,38.0
2012-05-22,37.75
2012-05-23,37.2
2012-05-24,37.1
2012-05-25,37.3
2012-05-28,38.35
2012-05-29,38.75
2012-05-30,38.35
2012-05-31,38.0
2012-06-01,37.3
2012-06-05,36.8
2012-06-06,37.25
2012-06-07,37.75
2012-06-08,37.2
2012-06-11,37.9
2012-06-12,38.15
2012-06-13,38.8
2012-06-14,38.65
2012-06-15,39.0
2012-06-18,39.1
2012-06-19,39.1
2012-06-20,39.2
2012-06-21,38.9
2012-06-22,38.1
2012-06-25,38.0
2012-06-26,38.0
2012-06-27,38.2
2012-06-28,38.35
2012-06-29,38.35
2012-07-02,38.5
2012-07-03,38.25
2012-07-04,36.75
2012-07-05,34.9
2012-07-06,35.0
2012-07-09,34.9
2012-07-10,35.6
2012-07-11,36.15
2012-07-12,35.7
2012-07-13,35.35
2012-07-16,35.35
2012-07-17,35.5
2012-07-18,35.25
2012-07-19,35.35
2012-07-20,35.0
2012-07-23,33.5
2012-07-24,33.0
2012-07-25,32.15
2012-07-26,32.1
2012-07-27,32.25
2012-07-30,32.35
2012-07-31,33.0
2012-08-01,33.1
2012-08-03,33.2
2012-08-06,33.35
2012-08-07,32.85
2012-08-08,32.35
2012-08-09,32.65
2012-08-10,32.65
2012-08-14,32.9
2012-08-15,32.5
2012-08-16,32.2
2012-08-17,32.65
2012-08-20,33.0
2012-08-21,33.5
2012-08-22,32.9
2012-08-23,32.65
2012-08-24,32.15
2012-08-27,31.9
2012-08-28,32.0
2012-08-29,31.9
2012-08-30,31.65
2012-08-31,31.65
2012-09-03,31.8
2012-09-04,31.65
2012-09-05,31.5
2012-09-06,31.8
2012-09-07,32.5
2012-09-10,33.1
2012-09-11,33.35
2012-09-12,33.25
2012-09-13,32.9
2012-09-14,33.25
2012-09-17,33.35
2012-09-18,33.0
2012-09-19,32.9
2012-09-20,32.75
2012-09-21,32.5
2012-09-24,32.35
2012-09-25,32.65
2012-09-26,32.85
2012-09-27,32.8
2012-09-28,33.35
2012-10-01,33.5
2012-10-02,33.8
2012-10-03,34.4
2012-10-04,35.65
2012-10-05,35.4
2012-10-08,34.85
2012-10-09,34.15
2012-10-10,34.15
2012-10-11,33.85
2012-10-12,34.15
2012-10-15,34.5
2012-10-16,34.65
2012-10-17,34.25
2012-10-18,34.6
2012-10-19,35.35
2012-10-22,35.2
2012-10-24,35.1
2012-10-25,35.4
2012-10-26,35.4
2012-10-29,35.1
2012-10-30,35.5
2012-10-31,35.35
2012-11-01,35.1
2012-11-02,35.65
2012-11-05,35.65
2012-11-06,35.9
2012-11-07,36.5
2012-11-08,36.35
2012-11-09,36.25
2012-11-12,35.9
2012-11-13,33.9
2012-11-14,33.4
2012-11-15,33.1
2012-11-16,33.35
2012-11-19,33.35
2012-11-20,33.25
2012-11-21,33.0
2012-11-22,32.9
2012-11-23,32.9
2012-11-26,33.0
2012-11-27,33.0
2012-11-28,33.0
2012-11-29,33.0
2012-11-30,32.9
2012-12-03,33.0
2012-12-04,33.0
2012-12-06,33.0
2012-12-07,33.2
2012-12-11,33.2
2012-12-12,33.85
2012-12-13,34.25
2012-12-14,34.1
2012-12-17,34.5
2012-12-18,34.9
2012-12-19,35.0
2012-12-20,34.9
2012-12-21,34.25
2012-12-24,33.9
2012-12-25,33.5
2012-12-26,33.8
2012-12-27,33.9
2012-12-28,33.9
2013-01-02,34.0
2013-01-03,34.65
2013-01-04,34.9
2013-01-07,35.0
2013-01-08,34.4
2013-01-09,34.0
2013-01-10,33.6
2013-01-11,33.5
2013-01-14,33.8
2013-01-15,34.1
2013-01-16,33.75
2013-01-17,33.9
2013-01-18,34.25
2013-01-21,34.5
2013-01-22,34.0
2013-01-23,33.9
2013-01-24,34.1
2013-01-25,34.2
2013-01-28,35.15
2013-01-29,36.0
2013-01-30,36.4
2013-01-31,35.75
2013-02-01,35.9
2013-02-04,36.1
2013-02-05,35.8
2013-02-06,35.5
2013-02-07,34.35
2013-02-08,34.1
2013-02-11,33.6
2013-02-12,33.1
2013-02-13,33.0
2013-02-14,33.2
2013-02-15,33.35
2013-02-18,33.5
2013-02-19,33.35
2013-02-20,33.35
2013-02-21,33.35
2013-02-22,33.35
2013-02-26,33.15
2013-02-27,33.0
2013-02-28,32.75
2013-03-01,32.65
2013-03-04,32.65
2013-03-05,32.5
2013-03-06,32.65
2013-03-07,32.25
2013-03-08,32.1
2013-03-11,32.7
2013-03-12,33.5
2013-03-13,33.85
2013-03-14,34.0
2013-03-15,34.0
2013-03-18,34.6
2013-03-19,34.4
2013-03-20,33.5
2013-03-21,33.0
2013-03-22,32.4
2013-03-25,32.5
2013-03-26,33.2
2013-03-27,33.35
2013-03-28,33.0
2013-03-29,33.0
2013-04-01,33.0
2013-04-02,33.0
2013-04-03,33.0
2013-04-04,32.75
2013-04-05,32.4
2013-04-09,31.6
2013-04-10,30.25
2013-04-11,29.75
2013-04-12,30.1
2013-04-17,30.5
2013-04-18,30.8
2013-04-19,30.9
2013-04-22,30.6
2013-04-23,29.25
2013-04-24,28.8
2013-04-25,29.4
2013-04-26,30.6
2013-04-29,31.5
2013-04-30,31.8
2013-05-02,31.3
2013-05-03,30.5
2013-05-07,30.85
2013-05-08,31.35
2013-05-09,30.8
2013-05-10,30.8
2013-05-13,30.5
2013-05-14,30.1
2013-05-15,30.65
2013-05-16,31.0
2013-05-17,30.8
2013-05-20,31.1
2013-05-21,31.25
2013-05-22,30.9
2013-05-23,30.4
2013-05-27,29.75
2013-05-28,29.85
2013-05-29,30.35
2013-05-30,30.0
2013-05-31,29.4
2013-06-03,29.0
2013-06-04,28.9
2013-06-05,28.4
2013-06-06,27.6
2013-06-07,27.6
2013-06-10,28.65
2013-06-11,27.35
2013-06-12,27.0
2013-06-13,26.9
2013-06-14,26.9
2013-06-17,26.75
2013-06-18,26.15
2013-06-19,25.6
2013-06-20,24.35
2013-06-21,23.7
2013-06-24,22.700000000000003
2013-06-25,22.75
2013-06-26,23.9
2013-06-27,25.0
2013-06-28,26.15
2013-07-02,26.15
2013-07-03,26.2
2013-07-04,26.0
2013-07-05,25.9
2013-07-08,26.15
2013-07-09,27.5
2013-07-10,28.15
2013-07-11,28.35
2013-07-12,28.15
2013-07-15,28.1
2013-07-16,28.0
2013-07-17,27.9
2013-07-18,28.1
2013-07-19,27.85
2013-07-23,28.15
2013-07-24,29.0
2013-07-25,29.65
2013-07-26,29.9
2013-07-29,28.9
2013-07-30,28.35
2013-07-31,28.25
2013-08-01,28.0
2013-08-02,27.4
2013-08-05,26.75
2013-08-06,26.8
2013-08-07,26.5
2013-08-08,27.0
2013-08-09,26.0
2013-08-13,25.1
2013-08-14,25.7
2013-08-15,26.1
2013-08-16,25.75
2013-08-19,25.0
2013-08-20,24.450000000000003
2013-08-21,23.65
2013-08-22,24.1
2013-08-23,24.95
2013-08-26,24.4
2013-08-27,23.4
2013-08-28,22.3
2013-08-29,22.549999999999997
2013-08-30,23.1
2013-09-02,23.35
2013-09-03,23.7
2013-09-04,24.0
2013-09-05,24.049999999999997
2013-09-06,24.4
2013-09-09,24.85
2013-09-10,24.75
2013-09-11,24.5
2013-09-12,24.35
2013-09-13,24.05
2013-09-16,24.8
2013-09-17,24.700000000000003
2013-09-18,24.700000000000003
2013-09-19,26.15
2013-09-20,27.3
2013-09-23,26.25
2013-09-24,25.2
2013-09-25,25.0
2013-09-26,24.95
2013-09-27,25.0
2013-09-30,24.4
2013-10-01,24.45
2013-10-02,24.7
2013-10-03,24.95
2013-10-04,25.0
2013-10-07,24.8
2013-10-08,24.75
2013-10-09,24.95
2013-10-10,24.95
2013-10-11,25.2
2013-10-14,24.9
2013-10-15,25.6
2013-10-16,26.0
2013-10-17,25.85
2013-10-18,25.8
2013-10-21,25.4
2013-10-22,24.9
2013-10-24,25.2
2013-10-25,25.5
2013-10-28,25.049999999999997
2013-10-29,24.9
2013-10-30,24.65
2013-10-31,24.25
2013-11-01,24.25
2013-11-04,23.5
2013-11-05,23.65
2013-11-06,23.95
2013-11-07,24.15
2013-11-08,23.75
2013-11-11,23.799999999999997
2013-11-12,24.85
2013-11-13,25.45
2013-11-14,26.35
2013-11-15,26.9
2013-11-18,27.15
2013-11-19,26.9
2013-11-20,26.9
2013-11-21,26.35
2013-11-22,25.9
2013-11-25,25.9
2013-11-26,26.5
2013-11-27,26.35
2013-11-28,26.85
2013-11-29,27.75
2013-12-02,28.1
2013-12-03,28.1
2013-12-04,27.85
2013-12-06,27.5
2013-12-09,28.0
2013-12-11,27.6
2013-12-12,27.2
2013-12-13,27.65
2013-12-16,28.0
2013-12-17,29.0
2013-12-18,29.25
2013-12-19,29.85
2013-12-20,30.4
2013-12-23,30.1
2013-12-24,30.0
2013-12-25,30.85
2013-12-26,31.25
2013-12-27,31.25
2014-01-02,31.25
2014-01-03,30.25
2014-01-06,29.85
2014-01-07,30.0
2014-01-08,30.15
2014-01-09,29.75
2014-01-10,29.6
2014-01-13,29.9
2014-01-14,30.4
2014-01-15,30.15
2014-01-16,29.5
2014-01-17,29.35
2014-01-20,29.6
2014-01-21,29.85
2014-01-22,29.8
2014-01-23,30.0
2014-01-24,30.1
2014-01-27,29.5
2014-01-28,29.0
2014-01-29,28.25
2014-01-30,27.65
2014-01-31,28.25
2014-02-03,28.9
2014-02-04,28.35
2014-02-05,28.35
2014-02-06,28.5
2014-02-07,28.5
2014-02-10,28.25
2014-02-11,28.0
2014-02-12,27.6
2014-02-13,26.75
2014-02-17,26.5
2014-02-18,26.8
2014-02-19,26.9
2014-02-20,26.5
2014-02-21,26.75
2014-02-24,26.65
2014-02-25,27.0
2014-02-26,27.35
2014-02-27,27.5
2014-02-28,27.35
2014-03-03,27.5
2014-03-04,27.8
2014-03-05,27.9
2014-03-06,27.9
2014-03-07,28.0
2014-03-10,28.1
2014-03-11,28.7
2014-03-12,29.5
2014-03-13,29.9
2014-03-14,29.9
2014-03-17,30.0
2014-03-18,29.9
2014-03-19,29.75
2014-03-20,28.6
2014-03-21,28.4
2014-03-24,28.3
2014-03-25,28.0
2014-03-26,28.0
2014-03-27,27.9
2014-03-28,28.1
2014-03-31,28.1
2014-04-01,28.1
2014-04-02,28.0
2014-04-03,27.8
2014-04-04,28.0
2014-04-08,27.9
2014-04-09,27.9
2014-04-10,27.75
2014-04-11,27.65
2014-04-16,28.0
2014-04-17,28.0
2014-04-18,28.0
2014-04-21,28.0
2014-04-22,28.0
2014-04-23,27.9
2014-04-24,27.75
2014-04-25,27.15
2014-04-28,26.65
2014-04-29,26.8
2014-04-30,27.0
2014-05-02,26.9
2014-05-06,26.4
2014-05-07,25.8
2014-05-08,25.6
2014-05-09,25.35
2014-05-12,25.35
2014-05-14,25.2
2014-05-15,25.9
2014-05-16,26.5
2014-05-19,27.4
2014-05-20,27.5
2014-05-21,27.9
2014-05-22,28.1
2014-05-23,27.65
2014-05-26,27.9
2014-05-27,27.9
2014-05-28,27.75
2014-05-29,27.9
2014-05-30,28.0
2014-06-02,28.0
2014-06-03,28.85
2014-06-04,29.1
2014-06-05,28.9
2014-06-06,29.0
2014-06-09,28.75
2014-06-10,28.35
2014-06-11,28.35
2014-06-12,28.25
2014-06-13,27.5
2014-06-16,27.1
2014-06-17,27.0
2014-06-18,27.35
2014-06-19,27.25
2014-06-20,27.35
2014-06-23,26.9
2014-06-24,26.5
2014-06-25,26.65
2014-06-26,26.65
2014-06-27,26.65
2014-06-30,27.0
2014-07-02,26.85
2014-07-03,26.65
2014-07-04,27.1
2014-07-07,27.2
2014-07-08,27.65
2014-07-09,27.8
2014-07-10,27.75
2014-07-14,27.65
2014-07-15,27.8
2014-07-16,27.65
2014-07-17,27.35
2014-07-18,27.5
2014-07-21,27.5
2014-07-22,27.5
2014-07-23,27.85
2014-07-24,29.3
2014-07-25,28.4
2014-07-28,27.9
2014-07-29,27.75
2014-07-30,27.0
2014-07-31,26.8
2014-08-01,26.9
2014-08-04,27.75
2014-08-05,28.1
2014-08-06,28.65
2014-08-07,28.9
2014-08-08,29.0
2014-08-13,29.0
2014-08-14,29.1
2014-08-15,29.0
2014-08-18,29.0
2014-08-19,29.6
2014-08-20,29.9
2014-08-21,29.5
2014-08-22,29.5
2014-08-25,29.65
2014-08-26,29.2
2014-08-27,29.35
2014-08-28,29.2
2014-08-29,29.5
2014-09-01,30.0
2014-09-02,30.9
2014-09-03,31.3
2014-09-04,31.5
2014-09-05,31.2
2014-09-08,30.85
2014-09-09,30.5
2014-09-10,30.5
2014-09-11,31.1
2014-09-12,31.1
2014-09-15,31.0
2014-09-16,31.1
2014-09-17,31.5
2014-09-18,31.2
2014-09-19,31.35
2014-09-22,31.35
2014-09-23,31.2
2014-09-24,31.1
2014-09-25,30.9
2014-09-26,30.9
2014-09-29,30.6
2014-09-30,30.1
2014-10-01,30.5
2014-10-02,30.65
2014-10-03,30.65
2014-10-06,30.35
2014-10-07,30.35
2014-10-08,31.1
2014-10-09,32.0
2014-10-10,31.75
2014-10-13,32.0
2014-10-14,32.2
2014-10-15,32.75
2014-10-16,32.9
2014-10-17,32.15
2014-10-20,31.15
2014-10-21,31.0
2014-10-22,31.35
2014-10-24,31.2
2014-10-27,30.85
2014-10-28,30.65
2014-10-29,31.0
2014-10-30,31.0
2014-10-31,31.1
2014-11-03,31.1
2014-11-04,31.0
2014-11-05,30.75
2014-11-06,30.15
2014-11-07,29.3
2014-11-10,29.0
2014-11-11,29.1
2014-11-12,29.2
2014-11-13,29.35
2014-11-14,29.65
2014-11-17,29.5
2014-11-18,29.25
2014-11-19,28.75
2014-11-20,28.45
2014-11-21,28.15
2014-11-24,28.237499999999997
2014-11-25,28.325
2014-11-26,28.4125
2014-11-27,28.5
2014-11-28,28.2
2014-12-01,28.25
2014-12-02,28.35
2014-12-03,28.35
2014-12-04,28.5
2014-12-08,28.25
2014-12-09,27.9
2014-12-11,27.8
2014-12-12,27.5
2014-12-15,26.6
2014-12-16,26.0
2014-12-17,26.6
2014-12-18,28.0
2014-12-19,28.0
2014-12-22,27.85
2014-12-23,28.0
2014-12-24,27.75
2014-12-25,27.35
2014-12-26,27.5
2014-12-29,27.65
2014-12-30,27.35
2015-01-05,27.2
2015-01-06,26.75
2015-01-07,26.65
2015-01-08,26.9
2015-01-09,27.0
2015-01-12,27.0
2015-01-13,26.9
2015-01-14,26.6
2015-01-15,26.2
2015-01-16,26.1
2015-01-19,26.1
2015-01-20,26.0
2015-01-21,25.75
2015-01-22,25.6
2015-01-23,25.1
2015-01-26,25.1
2015-01-27,25.2
2015-01-28,25.35
2015-01-29,25.2
2015-01-30,25.35
2015-02-02,24.95
2015-02-03,24.8
2015-02-04,25.15
2015-02-05,25.35
2015-02-06,25.0
2015-02-09,24.9
2015-02-10,25.049999999999997
2015-02-11,25.1
2015-02-12,24.95
2015-02-13,24.85
2015-02-16,24.65
2015-02-17,24.55
2015-02-18,24.6
2015-02-19,24.65
2015-02-20,24.85
2015-02-23,25.2
2015-02-24,24.85
2015-02-25,24.55
2015-02-26,24.4
2015-02-27,24.25
2015-03-02,23.5
2015-03-03,23.049999999999997
2015-03-05,22.549999999999997
2015-03-06,22.4
2015-03-09,22.2
2015-03-10,21.85
2015-03-11,21.549999999999997
2015-03-12,21.9
2015-03-13,22.3
2015-03-16,22.049999999999997
2015-03-17,21.55
2015-03-18,21.45
2015-03-19,21.75
2015-03-20,21.55
2015-03-23,21.4
2015-03-24,21.45
2015-03-25,21.45
2015-03-26,21.35
2015-03-27,21.45
2015-03-30,21.75
2015-03-31,22.2
2015-04-01,22.65
2015-04-02,22.55
2015-04-03,22.45
2015-04-07,22.85
2015-04-08,23.35
2015-04-09,23.4
2015-04-10,23.299999999999997
2015-04-16,23.549999999999997
2015-04-17,23.9
2015-04-20,23.9
2015-04-21,24.3
2015-04-22,24.0
2015-04-23,23.700000000000003
2015-04-24,23.65
2015-04-27,23.5
2015-04-28,22.799999999999997
2015-04-29,22.200000000000003
2015-04-30,22.200000000000003
2015-05-04,22.3
2015-05-06,22.4
2015-05-07,22.35
2015-05-08,22.4
2015-05-11,22.299999999999997
2015-05-12,22.25
2015-05-13,22.6
2015-05-14,23.4
2015-05-15,23.55
2015-05-18,24.0
2015-05-19,24.65
2015-05-20,25.1
2015-05-21,25.0
2015-05-22,24.95
2015-05-25,24.9
2015-05-26,24.45
2015-05-27,24.1
2015-05-28,24.4
2015-05-29,24.45
2015-06-02,24.15
2015-06-03,24.1
2015-06-04,24.25
2015-06-05,24.3
2015-06-08,24.4
2015-06-09,24.049999999999997
2015-06-10,23.9
2015-06-11,23.950000000000003
2015-06-12,23.5
2015-06-15,23.1
2015-06-16,23.05
2015-06-17,23.35
2015-06-18,23.4
2015-06-19,23.25
2015-06-22,23.25
2015-06-23,23.4
2015-06-24,23.35
2015-06-25,23.9
2015-06-26,24.299999999999997
2015-06-29,23.85
2015-06-30,24.05
2015-07-02,23.9
2015-07-03,23.45
2015-07-06,22.85
2015-07-07,22.6
2015-07-08,22.35
2015-07-09,22.35
2015-07-10,22.55
2015-07-13,22.35
2015-07-14,22.45
2015-07-15,22.450000000000003
2015-07-16,22.15
2015-07-17,22.0
2015-07-20,21.95
2015-07-21,21.799999999999997
2015-07-22,21.4
2015-07-23,21.25
2015-07-24,21.3
2015-07-27,20.95
2015-07-28,20.549999999999997
2015-07-29,20.299999999999997
2015-07-31,20.549999999999997
2015-08-03,20.75
2015-08-04,20.45
2015-08-05,20.45
2015-08-06,20.5
2015-08-07,20.6
2015-08-10,20.45
2015-08-11,20.35
2015-08-13,20.4
2015-08-14,20.35
2015-08-17,20.25
2015-08-18,20.15
2015-08-19,20.35
2015-08-20,19.85
2015-08-21,19.4
2015-08-24,18.200000000000003
2015-08-25,17.6
2015-08-26,18.85
2015-08-27,19.05
2015-08-28,19.25
2015-08-31,19.15
2015-09-01,18.8
2015-09-02,18.55
2015-09-03,18.7
2015-09-04,18.35
2015-09-07,18.0
2015-09-08,18.4
2015-09-09,19.2
2015-09-10,19.65
2015-09-11,20.200000000000003
2015-09-14,20.9
2015-09-15,20.9
2015-09-16,20.9
2015-09-17,21.2
2015-09-18,21.55
2015-09-21,21.9
2015-09-22,22.200000000000003
2015-09-23,22.05
2015-09-24,22.3
2015-09-25,22.45
2015-09-28,21.85
2015-09-29,20.8
2015-09-30,20.75
2015-10-01,20.85
2015-10-02,21.0
2015-10-05,21.2
2015-10-06,21.15
2015-10-07,21.05
2015-10-08,21.200000000000003
2015-10-09,21.5
2015-10-12,21.700000000000003
2015-10-13,21.5
2015-10-14,21.45
2015-10-15,21.6
2015-10-16,21.8
2015-10-19,21.85
2015-10-20,21.9
2015-10-21,21.75
2015-10-22,21.65
2015-10-26,21.7
2015-10-27,21.6
2015-10-28,21.2
2015-10-29,20.75
2015-10-30,20.85
2015-11-02,20.799999999999997
2015-11-03,21.05
2015-11-04,20.9
2015-11-05,20.65
2015-11-06,20.5
2015-11-09,20.25
2015-11-10,20.05
2015-11-11,20.0
2015-11-12,19.7
2015-11-13,19.95
2015-11-16,20.4
2015-11-17,21.7
2015-11-18,21.950000000000003
2015-11-19,21.9
2015-11-20,22.0
2015-11-23,22.2
2015-11-24,22.049999999999997
2015-11-25,21.65
2015-11-26,21.3
2015-11-27,20.5
2015-11-30,20.65
2015-12-01,20.85
2015-12-02,20.0
2015-12-03,19.75
2015-12-04,19.8
2015-12-08,19.5
2015-12-09,19.0
2015-12-11,18.45
2015-12-14,17.75
2015-12-15,17.9
2015-12-16,17.8
2015-12-17,17.700000000000003
2015-12-18,17.549999999999997
2015-12-21,17.1
2015-12-22,16.85
2015-12-23,17.0
2015-12-24,17.65
2015-12-25,17.6
2015-12-28,17.5
2015-12-29,17.8
2015-12-30,18.25
2016-01-04,17.950000000000003
2016-01-05,17.8
2016-01-06,17.75
2016-01-07,17.4
2016-01-08,17.5
2016-01-11,17.7
2016-01-12,18.6
2016-01-13,19.15
2016-01-14,18.6
2016-01-15,18.45
2016-01-18,17.950000000000003
2016-01-19,18.6
2016-01-20,18.4
2016-01-21,18.4
2016-01-22,18.25
2016-01-25,18.1
2016-01-26,18.1
2016-01-27,18.75
2016-01-28,19.05
2016-01-29,19.3
2016-02-01,19.1
2016-02-02,18.9
2016-02-03,19.3
2016-02-04,19.5
2016-02-05,19.4
2016-02-08,19.15
2016-02-09,19.15
2016-02-10,19.15
2016-02-11,18.85
2016-02-12,18.75
2016-02-15,19.15
2016-02-16,19.1
2016-02-17,18.549999999999997
2016-02-18,18.6
2016-02-19,18.6
2016-02-23,18.85
2016-02-24,19.0
2016-02-25,19.2
2016-02-26,19.200000000000003
2016-02-29,19.15
2016-03-01,19.25
2016-03-02,19.8
2016-03-03,20.75
2016-03-04,21.25
2016-03-07,21.5
2016-03-08,21.7
2016-03-09,21.25
2016-03-10,21.4
2016-03-11,21.65
2016-03-14,21.95
2016-03-15,21.7
2016-03-16,21.4
2016-03-17,21.4
2016-03-18,21.549999999999997
2016-03-21,21.65
2016-03-22,21.75
2016-03-23,22.65
2016-03-24,23.6
2016-03-25,23.549999999999997
2016-03-28,23.2
2016-03-29,23.299999999999997
2016-03-30,23.950000000000003
2016-03-31,24.4
2016-04-01,24.35
2016-04-04,24.799999999999997
2016-04-05,25.0
2016-04-07,24.7
2016-04-08,24.549999999999997
2016-04-11,24.65
2016-04-12,25.05
2016-04-18,25.5
2016-04-19,26.0
2016-04-20,26.5
2016-04-21,26.4
2016-04-22,25.75
2016-04-25,25.4
2016-04-26,25.4
2016-04-27,25.5
2016-04-28,24.5
2016-04-29,23.950000000000003
2016-05-03,23.65
2016-05-04,23.299999999999997
2016-05-09,24.1
2016-05-10,25.5
2016-05-11,26.0
2016-05-12,27.5
2016-05-13,28.1
2016-05-16,28.35
2016-05-17,28.5
2016-05-18,28.75
2016-05-19,29.0
2016-05-23,29.0
2016-05-24,28.9
2016-05-25,29.0
2016-05-26,29.3
2016-05-27,29.8
2016-05-30,29.65
2016-05-31,29.35
2016-06-01,28.75
2016-06-02,28.5
2016-06-03,29.4
2016-06-06,29.9
2016-06-07,29.4
2016-06-08,29.65
2016-06-09,29.25
2016-06-10,28.9
2016-06-13,28.65
2016-06-14,28.8
2016-06-15,28.9
2016-06-16,27.75
2016-06-17,27.85
2016-06-20,28.0
2016-06-21,28.4
2016-06-22,28.35
2016-06-23,28.2
2016-06-24,27.5
2016-06-27,27.2
2016-06-28,27.65
2016-06-29,28.4
2016-06-30,28.9
2016-07-04,28.5
2016-07-05,27.85
2016-07-06,27.8
2016-07-07,27.5
2016-07-08,26.85
2016-07-11,27.5
2016-07-12,27.85
2016-07-13,27.9
2016-07-14,28.1
2016-07-15,28.2
2016-07-20,28.4
2016-07-21,28.9
2016-07-22,28.8
2016-07-25,28.35
2016-07-26,28.0
2016-07-27,27.9
2016-07-28,28.25
2016-07-29,28.1
2016-08-01,27.5
2016-08-02,27.25
2016-08-03,27.9
2016-08-04,27.9
2016-08-05,28.4
2016-08-08,29.2
2016-08-09,29.15
2016-08-10,29.4
2016-08-11,30.75
2016-08-15,31.5
2016-08-16,31.8
2016-08-17,32.0
2016-08-18,32.5
2016-08-19,32.65
2016-08-22,32.3
2016-08-23,32.15
2016-08-24,32.35
2016-08-25,32.85
2016-08-26,33.1
2016-08-29,32.0
2016-08-30,31.9
2016-08-31,32.25
2016-09-01,32.0
2016-09-02,31.8
2016-09-05,31.1
2016-09-06,30.85
2016-09-07,31.35
2016-09-08,31.0
2016-09-09,31.0
2016-09-12,30.15
2016-09-13,30.65
2016-09-14,30.65
2016-09-15,30.8
2016-09-16,31.1
2016-09-19,31.35
2016-09-20,31.25
2016-09-21,31.6
2016-09-22,32.75
2016-09-23,32.6
2016-09-26,31.8
2016-09-27,31.8
2016-09-28,31.35
2016-09-29,31.5
2016-09-30,31.5
2016-10-03,31.8
2016-10-04,32.4
2016-10-05,32.8
2016-10-06,32.8
2016-10-07,32.25
2016-10-10,30.5
2016-10-11,30.5
2016-10-12,29.4
2016-10-13,29.5
2016-10-14,31.8
2016-10-17,31.75
2016-10-18,32.1
2016-10-19,31.9
2016-10-20,31.6
2016-10-21,31.5
2016-10-25,31.75
2016-10-26,31.9
2016-10-27,31.9
2016-10-28,31.6
2016-10-31,31.5
2016-11-01,31.65
2016-11-02,31.65
2016-11-03,31.15
2016-11-04,30.5
2016-11-07,30.5
2016-11-08,30.65
2016-11-09,30.5
2016-11-10,31.1
2016-11-11,30.9
2016-11-14,29.6
2016-11-15,29.15
2016-11-16,28.9
2016-11-17,28.3
2016-11-18,27.8
2016-11-21,28.1
2016-11-22,28.5
2016-11-23,28.35
2016-11-24,28.35
2016-11-25,28.5
2016-11-28,28.75
2016-11-29,29.0
2016-11-30,28.9
2016-12-01,28.65
2016-12-02,28.35
2016-12-06,28.85
2016-12-07,29.0
2016-12-08,29.2
2016-12-09,28.85
2016-12-13,28.5
2016-12-14,28.35
2016-12-15,27.85
2016-12-16,27.6
2016-12-19,28.1
2016-12-20,28.35
2016-12-21,28.65
2016-12-22,28.25
2016-12-23,28.4
2016-12-26,28.8
2016-12-27,28.65
2016-12-28,28.8
2016-12-29,29.0
2016-12-30,29.25
2017-01-04,29.5
2017-01-05,29.8
2017-01-06,30.1
2017-01-09,29.85
2017-01-10,29.85
2017-01-11,29.9
2017-01-12,30.0
2017-01-16,29.75
2017-01-17,29.65
2017-01-18,29.5
2017-01-19,28.85
2017-01-20,28.65
2017-01-23,28.65
2017-01-24,28.75
2017-01-25,29.35
2017-01-26,29.3
2017-01-27,28.9
2017-01-30,28.9
2017-01-31,28.65
2017-02-01,28.35
2017-02-02,28.1
2017-02-03,28.35
2017-02-06,28.65
2017-02-07,28.5
2017-02-08,28.65
2017-02-09,28.65
2017-02-10,28.8
2017-02-14,28.65
2017-02-15,28.65
2017-02-16,28.65
2017-02-17,28.35
2017-02-20,28.2
2017-02-21,28.2
2017-02-22,28.35
2017-02-23,28.2
2017-02-24,27.4
2017-02-27,27.35
2017-02-28,27.9
2017-03-01,28.1
2017-03-02,28.25
2017-03-03,28.1
2017-03-06,28.2
2017-03-07,28.0
2017-03-08,28.2
2017-03-09,28.2
2017-03-10,28.2
2017-03-13,28.1
2017-03-14,27.65
2017-03-15,27.2
2017-03-16,27.5
2017-03-17,27.65
2017-03-20,27.8
2017-03-21,27.8
2017-03-22,28.35
2017-03-23,29.5
2017-03-24,29.5
2017-03-27,29.2
2017-03-28,29.2
2017-03-29,29.1
2017-03-30,28.6
2017-03-31,28.0
2017-04-03,28.0
2017-04-04,28.2
2017-04-05,28.1
2017-04-07,28.0
2017-04-10,27.9
2017-04-11,27.9
2017-04-12,27.8
2017-04-17,27.65
2017-04-18,27.35
2017-04-19,27.1
2017-04-20,27.1
2017-04-21,27.1
2017-04-24,26.7
2017-04-25,26.5
2017-04-26,26.5
2017-04-27,26.35
2017-04-28,26.5
2017-05-02,26.65
2017-05-03,26.5
2017-05-04,26.2
2017-05-08,25.9
2017-05-09,25.3
2017-05-11,24.9
2017-05-12,24.85
2017-05-15,24.65
2017-05-16,24.75
2017-05-17,24.75
2017-05-18,24.55
2017-05-19,24.700000000000003
2017-05-22,24.9
2017-05-23,25.0
2017-05-24,25.0
2017-05-25,24.95
2017-05-26,24.9
2017-05-29,24.9
2017-05-30,24.85
2017-05-31,24.85
2017-06-01,24.85
2017-06-02,24.700000000000003
2017-06-05,24.85
2017-06-06,25.2
2017-06-07,25.2
2017-06-08,25.25
2017-06-09,25.1
2017-06-12,25.0
2017-06-13,25.0
2017-06-14,25.0
2017-06-15,25.0
2017-06-16,25.1
2017-06-19,25.35
2017-06-20,25.2
2017-06-21,25.5
2017-06-22,25.65
2017-06-23,25.65
2017-06-26,25.35
2017-06-27,25.1
2017-06-28,25.0
2017-06-29,25.1
2017-06-30,24.9
2017-07-03,24.9
2017-07-04,24.9
2017-07-05,24.85
2017-07-06,24.85
2017-07-07,24.75
2017-07-11,24.299999999999997
2017-07-12,23.75
2017-07-13,24.05
2017-07-14,24.5
2017-07-17,24.799999999999997
2017-07-18,25.1
2017-07-19,25.1
2017-07-20,24.95
2017-07-21,24.95
2017-07-24,24.95
2017-07-25,24.95
2017-07-26,24.95
2017-07-27,24.9
2017-07-31,24.75
2017-08-01,24.65
2017-08-02,24.75
2017-08-03,24.75
2017-08-04,24.75
2017-08-07,24.85
2017-08-08,25.25
2017-08-09,25.9
2017-08-10,26.5
2017-08-11,26.65
2017-08-15,26.9
2017-08-16,27.0
2017-08-17,27.1
2017-08-18,26.6
2017-08-21,26.35
2017-08-22,26.35
2017-08-23,26.1
2017-08-24,26.2
2017-08-25,25.8
2017-08-28,26.0
2017-08-29,26.25
2017-08-30,26.5
2017-08-31,26.7
2017-09-01,27.1
2017-09-04,27.5
2017-09-05,27.65
2017-09-06,27.35
2017-09-07,27.35
2017-09-08,27.35
2017-09-11,27.1
2017-09-12,27.0
2017-09-13,26.9
2017-09-14,26.65
2017-09-15,27.0
2017-09-18,27.25
2017-09-19,27.35
2017-09-20,27.35
2017-09-21,27.5
2017-09-22,27.35
2017-09-25,26.85
2017-09-26,26.5
2017-09-27,26.5
2017-09-28,26.25
2017-09-29,26.5
2017-10-02,26.9
2017-10-03,27.1
2017-10-04,26.65
2017-10-05,26.5
2017-10-06,26.35
2017-10-09,26.1
2017-10-10,26.5
2017-10-11,26.8
2017-10-12,26.35
2017-10-16,26.5
2017-10-17,26.35
2017-10-18,26.65
2017-10-19,26.25
2017-10-20,26.25
2017-10-24,26.35
2017-10-25,26.35
2017-10-27,26.0
2017-10-30,25.9
2017-10-31,26.0
2017-11-01,25.9
2017-11-02,25.65
2017-11-03,25.25
2017-11-06,25.5
2017-11-07,25.65
2017-11-08,25.8
2017-11-09,25.65
2017-11-10,25.2
2017-11-13,25.25
2017-11-14,25.1
2017-11-15,24.7
2017-11-16,24.35
2017-11-17,24.6
2017-11-20,24.8
2017-11-21,24.65
2017-11-22,24.7
2017-11-23,24.700000000000003
2017-11-24,24.6
2017-11-27,24.55
2017-11-28,24.549999999999997
2017-11-29,24.450000000000003
2017-11-30,23.9
2017-12-01,23.85
2017-12-04,24.15
2017-12-06,24.0
2017-12-07,23.9
2017-12-08,23.9
2017-12-12,24.1
2017-12-13,24.4
2017-12-14,24.4
2017-12-15,24.3
2017-12-18,24.25
2017-12-19,24.2
2017-12-20,24.450000000000003
2017-12-21,24.6
2017-12-22,24.75
2017-12-25,24.75
2017-12-26,24.6
2017-12-27,24.45
2017-12-28,24.25
2017-12-29,24.05
